1 1
2 2
3 3
4 4
5 5
6 6
7 7
8 8
9 9
10 10
11 11
12 12
13 13
14 3
15 4
16 1
17 2
18 7
19 8
20 5
21 6
22 11
23 12
24 9
25 10
26 14
27 2
28 5
29 6
30 3
31 1
32 9
33 4
34 7
35 8
36 13
37 14
38 11
39 12
40 6
41 1
42 2
43 5
44 4
45 7
46 3
47 9
48 10
49 11
50 12
51 8
52 15
53 4
54 8
55 9
56 1
57 2
58 5
59 6
60 11
61 3
62 15
63 10
64 7
65 16
66 5
67 3
68 7
69 8
70 6
71 10
72 14
73 4
74 1
75 2
76 13
77 9
78 17
79 10
80 6
81 5
82 9
83 3
84 4
85 8
86 13
87 14
88 16
89 1
90 2
91 18
92 11
93 12
94 4
95 7
96 15
97 16
98 9
99 3
100 6
101 5
102 8
103 13
104 1
105 13
106 14
107 15
108 16
109 9
110 2
111 11
112 10
113 7
114 18
115 17
116 5
117 6
118 8
119 16
120 17
121 6
122 10
123 1
124 12
125 14
126 13
127 9
128 7
129 15
130 2
131 14
132 7
133 12
134 18
135 13
136 3
137 2
138 1
139 4
140 8
141 16
142 17
143 9
144 18
145 15
146 16
147 17
148 8
149 11
150 19
151 12
152 20
153 7
154 21
155 14
156 10
157 7
158 17
159 18
160 11
161 19
162 12
163 1
164 2
165 21
166 3
167 5
168 16
169 20
